1?+

10000
0
1
2
3
4
5
6
7
8
9
278117030
167642908
517897720
148434322
567739596
319926998
481642529
659199878
252516556
49913402
798318033
89701407
892537200
199166667
742285868
89087632
614924562
917826031
962724157
661012313
873285858
473820934
466785825
46752166
148173111
551999605
278417278
830450730
503142180
663097441
263611556
208116498
198994173
927207790
849009476
574486547
512507902
195250096
662773602
447779464
352719788
705846126
156909696
195045732
392078508
555336986
332827420
427052165
150904327
402689669
533970361
256329401
240341458
688465216
555724204
293278342
813642697
701716084
825883165
347843149
298669424
551396225
976445173
523194722
654903511
473277827
369885600
61230013
243890311
622511610
684195413
454396029
548026583
368774617
146522508
174078837
626079997
841941901
866709616
229756649
401891436
506536654
899010248
911637786
229422763
470588412
463192648
236249869
96479737
769173357
849473200
356012248
997718693
935141693
583570477
125284200
883848980
936629565
201036549
790805254
948613298
348514175
648316037
580941759
759966766
888347204
384293454
691111562
71087721
149387105
249894303
469614290
794304272
242102595
818623796
516603469
423721131
9525059
420168747
830747987
369619658
721580156
679157527
111288049
641206303
37317818
994564872
130313583
939095474
338072704
196625943
173088746
610109024
494473422
267933097
678845797
554691208
590031708
370522222
132517023
366157909
753314317
729667895
770404276
489467070
150992827
415171883
633056562
693735175
302790600
59799470
636394855
802246170
580385249
326280986
737239572
515543116
444756863
485080744
343537151
86991857
82521338
759215945
415556603
796723193
828547003
193419334
104239589
309981676
453242670
977612405
623128494
262815071
825605974
71823816
449675957
317573394
648744391
77788317
677533764
355013039
495622915
184841760
543888851
777890996
230813341
319848079
659419332
602487239
124292706
247915041
123761313
577797347
416851896
756359367
910152792
677070121
604156946
288048653
587456124
576351989
176021747
362701213
745363262
570670457
174528295
83200837
895558106
52964372
503375837
712277871
188153180
625512515
835130464
290725009
15983851
143558065
733919300
512747353
653308816
83258672
173997547
389149669
121532143
536141166
957164362
952518067
818283694
547951770
720116808
929063197
534791688
980778739
698083967
113299617
10340947
539835928
662920973
411893574
502416888
273234520
908870909
674120152
268096036
32589486
626426854
13875691
39941516
371867574
23555807
171923931
249887095
689142181
329011601
717210935
272652957
302858953
333440499
620923460
917655401
17702156
979768984
442466488
813579612
747114001
788679660
748246718
693352889
404359587
528767236
598564704
742648615
116615733
505934743
704808036
369298361
199039623
835701974
906478671
703588462
724131360
28589896
275971054
945783254
841952054
769237820
350441768
934705338
695875091
286657495
782858401
913860152
795882912
303124367
468953177
55818020
246644384
410818770
318081123
931721608
96294273
517959301
547365704
652362739
936989910
201589790
390523102
412419335
220546564
408755248
286342939
783164344
339823025
588984223
757436331
553875907
332314010
833157985
514671685
705322917
519447970
386075837
104782505
28903179
999105361
60253382
692063340
354091749
473950532
670998906
733601175
494003310
656609711
175121886
94061662
946061060
142825837
57941279
577735178
160851373
821214513
101910565
381960864
677130469
618772476
781987867
482868424
727222683
671769689
297935135
350314317
102555607
626358812
92793640
334407450
287687954
739120434
901606076
460692007
323486734
695347371
930711064
897548276
777483067
234900228
684071915
665945217
881464138
98889769
98658841
115830180
45776034
384511575
417516521
287562804
420522791
983566193
416885293
25019123
439418536
653850423
35890629
466558203
230679263
916142038
767625223
857371651
684679963
15579794
301981904
722893585
838901168
537941245
167682374
177894118
881440849
474851710
883719521
762884691
166154448
615935192
151294603
207951068
924872726
928355786
196595465
74492189
725621137
11913420
737567235
24169613
672535586
279078494
622950072
895555285
705810569
432909413
627839572
116079515
660588539
31791061
209786987
880312904
303807158
805784436
465693220
416203621
205577210
712081766
580836223
984539333
866078526
62265107
804214355
21534083
134621125
760222474
494565561
619786454
533122519
418872607
449547909
889309144
72019468
619140447
999567242
107301219
623540647
502964420
216724919
906584711
526136799
483689555
180036489
873655261
980133992
272936519
704497134
24171405
378043302
247478874
751656125
565071557
767155575
317624598
100434096
788712038
263065802
459136706
728151989
664443907
930316675
493970278
733120970
742765072
999607709
627584805
924582290
924035254
140013944
80778846
860123605
842046354
840026995
330146559
52581487
302248640
257691693
607317690
26356337
518116013
32663127
529710514
923668652
688462738
917499037
30016969
92726002
512504355
757699168
959579227
706083946
171889527
231741175
233802133
266046279
446560083
296487259
847758202
36899909
776906674
789247298
318179720
872177492
145704170
960833896
742077167
149754489
213603213
960622962
806592422
824268224
585355136
116988087
109698342
210613006
1387417
109554222
8952362
344751056
432954164
849393056
466760935
656357222
865967049
240967690
279962687
285176400
373410204
986113958
898511005
104853956
937286161
248972903
822090441
299907179
985685429
827212740
37992234
139248147
35734767
68445985
324784242
212541268
766668455
415313767
962187987
609209896
912661197
994823541
425499955
370092068
754682952
639351023
295358880
986595543
428360390
37401701
848328649
694228841
839803186
377024657
52671772
960970470
602184656
894508493
205222466
149397652
631667289
334038243
568663870
534683390
940193580
523599724
717316020
801417006
769536156
956154615
255177253
597064522
544405592
39697670
700626239
582904838
312139551
355182150
111618687
692485133
365625914
933195476
679957133
674191862
875499548
816269479
607579230
660786314
421704735
43017788
235068318
279791454
540541837
364395846
197365734
754987224
601249827
105161813
197514778
945835629
549352463
653770600
872211976
315838911
287383830
796060183
526259303
701086911
770937806
876376499
478779154
659184837
290395907
21787727
198397018
219880844
181645958
339302675
851850320
627491449
198889264
605256321
933618242
358078776
491396086
329254911
426815327
931503497
572687401
681285540
926300242
549176553
708268678
85749532
563920368
405254265
473277462
14918206
542362577
630772621
648581194
494724460
570534211
447475220
669403090
123786378
146968932
661339968
948059304
391980161
766057466
476586450
100037611
962924144
397454273
420120449
265509756
400005603
491881548
693801261
160767112
165595311
743445660
860258337
657893470
839215747
219225696
853947166
821744703
749143069
500435093
612229708
429377318
574971669
161584059
639769183
211006951
666422911
103647993
183261473
427344249
828323027
373011904
399791014
980054589
446963389
173020767
42965711
242852421
333584866
702617855
753775279
528754568
400207347
607986706
552218363
22219459
657996130
434551605
579225625
624451730
814299648
577131935
606180243
410231701
664555643
350967248
410761541
553587440
98236862
55190386
969596718
280378555
544350813
44052167
874941430
109081222
370617492
325681943
521817796
826525908
448239623
431456047
147383262
937396394
701764121
211754073
640591749
425797965
429026927
525372791
115837238
447387890
420673798
259779147
876255865
317883578
928771646
721522128
832512450
819393445
530810516
436304345
202625434
592386700
213878886
232247137
684385713
301908461
177982100
538799891
259547408
328697302
376292074
797597416
6612289
480552469
628634190
368227086
983665543
994241271
758716968
281024024
414338365
30270132
246544395
341119088
467973529
594909876
465149679
186986927
774307320
661881849
251367324
134450842
326569041
978582179
836762468
411421786
811453914
441974360
391347086
370648617
7601878
747326448
907624029
551219639
189980498
405366126
783280610
209518012
964056849
386698867
323391987
270353555
555411625
114824049
930804212
701167536
853581610
948716532
983470422
514160398
68118758
396801338
280066999
225334715
352863728
959407124
989230147
722510949
937389012
459454394
771880588
226718226
302059851
951367480
522790279
599278855
980200467
325605656
40605299
978036086
262059566
594332227
413540987
743045220
635715205
778688153
679727308
258078957
251899660
107447551
595108230
204412852
636289112
593827180
391290546
115087757
108017237
696762248
26054444
318422768
273096310
585898358
882215565
547533701
670102142
913126889
926906406
908857400
392093923
263603933
391364522
911902792
114321803
712428204
873496907
901420648
387380099
597110906
769946518
869863149
601152624
452753614
69356364
810130089
219112121
606811577
396992592
775390812
988064335
14268947
475551446
550812405
364203400
576179512
975783671
48246622
23336836
91320036
8220811
618492576
58492021
916310645
645224423
131369881
215060058
598533043
191525754
436525742
79730570
296496311
700047649
906901675
844492290
230928544
937218339
232692669
972933877
313963191
494297354
603935779
832078185
637134397
128833203
465251207
574654048
180533629
210085737
965864870
978208173
516879015
825396525
284782941
123474089
108671776
102249240
254797390
419979
106538148
862072596
762090106
992954143
999357295
857445948
822497538
355785115
810901564
224863221
446271943
937187760
486048524
633553555
660858065
585186959
464336113
849553232
244958240
469347495
659338451
643717510
791621201
265707661
235843178
299614580
143386748
449994068
684404924
307871498
151820355
799347959
64443941
159090903
780779591
439379262
832194121
731076421
596491640
145485567
396824566
438881671
99334963
763391722
946969729
167456629
725534452
95340090
638124495
822353933
339343855
299784260
766631330
301253506
282492139
829046875
647476307
279852334
946712038
399578860
565383847
869439881
331335858
435855191
986813367
774383728
333065577
261527623
994792819
609575540
945103389
447698273
269784558
988595874
624457861
654294628
222010713
219731771
823620753
506081533
230690185
887334932
192578563
770042189
151962422
110945915
689440396
499386595
829145463
892022017
11483838
677778760
141617480
20587176
70527005
261162593
247175271
249389545
354845961
828552803
81492320
847304303
827815831
218154752
599251704
613936593
983682866
314189800
73330582
454671425
867321246
871252750
651272458
622448955
220873000
39814351
918798489
910684770
716799060
548987539
316662949
337287127
339541292
411598808
945100449
364226256
850747130
107045729
873793997
356000702
266011768
593124451
256268415
530640710
558206334
494025539
258736049
936127520
886970595
750542733
663799507
814863635
998118808
351813860
645960205
593150296
435526519
760220950
660479679
929805899
8748428
789907973
782439429
802407492
11672444
13550779
16168956
340588706
844777360
222085518
751736954
727404278
789469482
282087807
757381780
518811387
174545616
570787399
517453087
173299368
709548978
901577926
710031249
994276501
504851801
732945601
639679154
527310458
131929062
667187920
212116242
847923245
857279866
908410276
978860863
476889992
293712504
209673850
496785003
271018659
440612370
860298138
201207696
997295374
989283808
788313704
334736034
794117211
573925687
52405636
436689579
883535775
105911683
987323838
989352278
594946141
957528394
440043198
23204555
680525654
415439542
355389601
214865885
227286957
423931234
323211052
841547668
882525530
644026293
490299942
805320915
661155198
147849062
950224914
213380615
56630928
470715215
823416074
169995177
549748027
664428234
323217693
707801194
281850379
326260038
162174968
515197691
980690104
342347047
353855790
634661420
760639610
758100197
332085374
242858556
94319420
56709906
253103407
759883315
378436273
177691301
550580624
491418009
438540072
452832458
171219895
290521756
451151781
11295340
992030872
629167773
746909762
561444284
751477993
394219977
903975890
517095774
290566828
414223211
165875685
242806097
947331338
617131809
267070469
797484194
649158501
56483131
516919460
85187882
903622448
149951045
563140871
172433143
24884471
774421578
216924517
258450451
438925064
441035762
723936225
142598545
586990935
715307847
979114343
639652032
879645744
501590715
352265480
227317825
241586284
63526625
468575771
459857952
7898178
307608889
687765584
637688789
505951088
437273621
344430253
540067032
190466236
30061474
336016129
138604947
479511609
469034916
749518181
553916869
247488935
380205004
104512548
307788116
528177221
906787717
631223241
93712025
25089292
540712066
870171367
261708556
414381909
118906588
51623166
899501142
532705450
646377372
214303302
260386374
293244643
221463212
468092086
362896707
254974360
508884499
454899115
55973011
54294775
663042427
555710375
180268384
443582851
547740729
984583934
181150694
810802286
471341379
935596271
261786093
433745483
174379804
585650881
973192665
814296647
14856855
969059937
28853823
765720066
299018442
371021363
721315801
509722715
340936845
332459494
556727684
97230747
267016874
12216784
871552642
521212941
120449617
357585556
660249391
537433640
610795169
752890295
334844612
358693947
825279953
584283417
845121223
579246797
710017181
704517732
932601879
621714589
73684989
861479002
123452875
805334671
229059117
193218096
368519044
249161094
904488444
773753735
908140546
893601614
943654374
294806096
856865592
442736728
208660736
377028985
515787547
501389710
343425353
582853799
457109992
594583267
631712247
835197644
837632640
609348583
252845296
596785423
479911232
769323162
56795435
962698978
883959988
272608724
365988227
160812376
214471670
232479075
797876374
224941654
908013957
550425785
510093669
914953121
151503971
392532927
472258096
450729936
873095559
549615051
191407426
499280746
356124975
605487528
920165765
251147838
565117446
662834074
901104147
497821186
389594962
788852535
292155214
127458213
67851842
974791171
723896116
579896321
820267923
302650294
807336996
509293246
833550691
311776522
283450778
972097445
795876074
149883792
274395322
80320093
984566385
887823544
160680010
632343535
76504909
821137529
739528767
448717964
772388791
775814216
672981461
815249116
862228354
62069520
617429697
142617740
893094906
72730158
215748043
636494241
706204197
850319285
215457684
902518285
738101419
216347524
54057984
517367845
699186665
126959285
3835161
919786107
152361346
270262662
533445122
875613718
963880972
539815995
295795455
715071631
810524087
45110440
952821473
347737809
121447059
665804582
181526338
650850420
488027628
614199364
553420839
76283694
237533173
635042015
120608379
984168536
326864192
946889475
865615409
126520015
341270577
589300792
300996337
137812717
93090108
266272056
168676493
694277931
532704854
463941902
279170650
950983678
144300480
102873262
258233754
545199066
568030905
545865676
317760048
253291589
196583367
876416271
859465536
664923000
187501144
36391380
22425023
374276350
154977691
501022664
89531120
558224405
715575687
714940957
210596976
355723411
758223743
372401642
282257426
2655060
395597597
496671948
187070310
344036753
280268168
524390737
301693793
352863707
367424192
234818310
430004252
169985236
844003716
982585273
899722706
502996482
174249994
284949133
955326832
555972833
974819036
312067892
418646133
792206818
391446800
906312188
877236030
849564735
453443027
789274525
134319667
768892185
508787753
652547969
615461058
619874055
588851799
68221373
743118920
529409875
879138702
713827465
811691003
267252417
703118585
595803429
517359192
914187493
198394664
719842890
706210538
797185477
924975599
446991623
724209008
750924181
177030518
281263437
475259774
659704573
289850865
561939877
645197154
921368958
293415568
853506065
555308171
172970965
81865849
13675075
685270778
945546187
12702600
540695084
63110184
802071517
134911865
38695749
284299523
805458326
886183690
542777769
337025815
242661728
920545194
738356467
228120484
129909366
454120763
11513845
160324589
489019423
680827621
965715847
505954118
360282525
892746353
735959494
692317029
817433829
639622602
677616758
917118778
787261723
737091947
637688194
885345336
939804425
249692153
184719878
425563418
229156098
83975178
971096313
959466046
384050918
346861437
551663643
527809721
12604437
334810788
10159380
569721113
216704747
10957885
1325238
266194891
558679437
994389934
802522031
250048056
93095685
724989055
509719654
502718713
72693522
795044700
549876849
897699631
769283464
289027124
17027943
319820476
550259686
139415109
709751342
447129716
197796115
220835801
731950568
939834615
219082945
3861464
415031562
553990576
606317054
281046364
176547299
64305581
338776210
676318727
57458058
925707428
875912390
454961663
8445076
416265132
421295485
138595747
242946281
201843645
333281636
67500719
987442035
301096222
102698409
420242823
857601201
321762705
479147669
282616892
10906049
332766686
390707231
719049928
357193509
644308686
838124858
573963833
986988215
831765164
34452434
710676417
599418353
410556409
545438967
885217520
448496157
671895823
733133396
116234604
888107012
932983579
391145768
393644088
676470360
821137617
52092227
199850023
198382188
6479942
562164100
407753570
775016368
331459193
959090640
307539510
762697916
174383859
901078005
444735888
150001707
209528616
768368447
429297304
92047237
701092881
962972746
839741446
959182558
350581390
268838902
255461049
796641411
24323118
658701091
811261586
273497601
396504096
262573616
393783334
337664226
328078249
701370526
564474761
956789907
192378566
926280234
557604158
946815441
24013007
224139401
708070652
445610111
706785241
117342812
703378532
540926798
76655558
313241973
842596117
140272129
79371584
949242464
930522669
76318912
329342054
927196799
849791129
101092179
65966533
87018488
223466079
482928062
919359168
117714894
742838915
470845725
347658440
113235366
164482958
405396840
474421677
123667098
358683278
708737952
783065472
440634058
9688568
526845338
110061840
595839372
914263903
713923581
549599532
110155869
73142691
423691118
407860607
205270587
780623650
577089429
980614010
818790051
665022431
813829541
295133053
705073448
308607040
4825217
918251154
665661508
453555175
164451137
671792376
3340659
534007943
235195098
180597617
703148334
742593419
224969950
537787566
693939787
582640470
146641438
954619772
347000173
978337624
44738428
965939654
242723430
191355653
923015842
807678599
183342780
103243260
538646571
498482294
849019548
115751720
388717540
508944922
469958172
639544074
799245513
129070018
615910056
988701107
113599242
811173290
500195752
636820333
914254668
755296199
841351672
909036422
248844257
659435461
151139865
362103882
177617576
47882555
628712000
495098614
117646375
625335111
678028528
61874974
502435046
194759720
655437023
913991566
700374521
958474148
197454724
642360411
914710859
552542989
630065971
334499947
960836152
392378938
823726955
250085722
624695721
953417040
271869866
640173525
643033541
392116680
177031250
384790245
120632011
578005958
623750257
649150837
501889761
462981035
338833796
859599793
391418140
61394543
781883831
657555945
418726271
121982940
556157532
619841649
593115865
297868845
243773888
785660033
211535893
855162349
403647321
787704320
439002617
484432764
592009145
631018720
133684824
762265273
80731578
383870680
408689789
558275250
854676649
544240525
818964423
67445620
924846457
57285719
921168440
325936468
936781854
451098141
670536567
889540445
126218370
4524840
557579512
9559828
145970275
381474295
173793584
309793500
825929581
137157129
486152362
416675339
135700009
467143412
844717287
183697088
77154569
779968169
29716141
317657918
986839978
52272747
753926539
899746193
336867739
853069515
736882627
204101665
921618471
515645857
700685788
891552460
608129171
610152337
461057682
727208732
172396466
610693008
47385907
156804179
447208040
842243685
302527148
319405131
824773029
816130831
61201841
397973906
814445695
770878630
850342706
741341108
331597081
729088689
193976266
636148468
768054008
792822122
407383006
410801608
857960206
19993855
332568080
285620376
543901079
625302007
949738881
791633046
80148941
958415700
831886374
659004341
644501774
752135840
736870162
399171742
38595899
475486033
158439291
57464889
903713955
219527980
479603921
717885042
684862998
429451487
438871308
219566767
457661190
752856252
458461025
302226736
452238729
191251951
129660665
513326570
902894139
607553757
588909861
44263601
267013353
8927173
393642885
863181354
914563259
94213268
519675863
922212526
273285097
878883596
436118219
909590648
782426787
1080082
232207622
384670781
162803730
93352499
733857566
924360330
601606856
770123198
148943237
601257323
63892600
707312654
789306058
656303981
68448839
183719245
411083142
402071080
849258420
996651049
808783186
354810865
837269501
121984253
52855831
2225
113935532
526493400
997577757
894392351
570190499
978762855
69030602
567085813
470826353
54788941
53930263
471704939
897109236
78403179
274380757
972001554
653761998
839067940
302254365
516956838
339857093
497460379
414889804
923320002
918244013
264533053
639963374
663426800
312871215
365348786
646588410
541506500
806708738
198303492
817615707
799101556
666940974
315021976
422770214
579243366
142556908
14513981
223102433
892766341
470349590
331971480
555621202
490253671
576173607
237374971
431966310
148384791
906340971
438584412
636803224
683721688
302025496
424339369
891769136
528339227
346059677
225969052
723055600
476479509
952456920
908099136
119222249
993229553
874937999
629444661
168557528
160813299
212585776
608435274
365581835
305462222
439190674
93192131
840480938
672684249
300302931
157404523
506258793
69744039
730959594
89970501
53683401
140786203
58218103
353532260
553266552
175171875
645911628
813220840
528600693
733251853
826941859
781777181
602946789
56011135
129589571
322730880
186157729
237796833
948156890
435012128
740753635
571160440
588879822
630212771
603358179
63276017
873195252
291577486
356789328
559202533
781285000
856156666
349965
539891676
42719874
829280680
881288664
428453246
527356797
241149150
927788787
328261514
727353417
853961604
774139842
457293273
174743656
771530242
307553876
543436305
332065570
329026510
689358596
297903605
926685405
36857859
275379057
618339874
516310512
937046520
180410273
69550400
809017943
502008829
331598399
195850427
973526818
162723515
682807870
498453722
179383981
143540961
675739788
651876086
284010632
733937118
520888386
635210736
362829996
966685988
988009115
784427301
197434461
992236357
698802449
279930292
719254464
153289770
642792319
85027193
226761790
119889153
510833635
381460373
371138888
960395881
60024509
729056565
299968887
402031340
490482569
763305465
296910266
908813993
597774900
887828639
142676260
949694490
615429832
969002199
129513556
100705197
500750768
873352865
967941374
200419939
310969713
150317992
801195048
755628096
306888356
641025819
815677770
318472309
548999727
156994211
791611858
641150203
613963333
251007713
597721911
576124511
76478401
611367552
617419231
817700764
114940886
868101771
781071810
702236323
74207968
617534750
299339211
249720746
216184199
938539248
824972278
368103149
561225940
899235167
569423700
152201452
999786592
318706653
162339412
179021691
28880457
13228626
927865275
734274674
987098944
255869016
835546707
479325730
891048350
374309451
388280235
690676119
762466549
483558920
969170119
498644430
943186175
324504120
899860689
403697889
946685699
68493560
865827472
111501415
951544109
682151446
779394555
104694788
514274492
832542209
536247771
614995525
951653515
788977720
861370985
470486123
33006881
393674229
411456667
823906569
8628163
474670404
982916944
36255673
372924664
232128513
231389674
642583529
363312478
631054658
233893398
623594723
859610927
103333155
125979689
968609426
669992436
224123460
92928252
695869486
504030399
633968463
240387572
547566645
281031378
52077583
7885287
19468634
559071051
240003601
431320638
518554321
428281015
160602067
939597433
180573980
912972917
244558932
860556153
660164224
945116745
363440091
585530462
179858347
255891270
211136372
287188078
116625967
579736988
983889272
653809325
537173091
353656854
268574112
192366648
518433604
406409979
556128402
507463390
862168974
412117342
528456873
934914047
576747222
815760223
527590596
401352849
620711724
294787403
650412701
998045731
5808015
470469195
901406724
53045226
728131253
429525858
661006355
701652523
926968327
907288192
367689037
366227426
85432027
287408194
497239728
287980956
365385708
669453930
103247552
592338691
672626364
571468475
769058292
785976961
590655135
534954602
639355262
109219795
717184783
734963687
462968188
230885750
485356467
154532365
842654243
882441791
906220885
34542304
452103696
734673912
996282508
677922181
797460999
728461672
40981432
198992993
985470856
213988733
632528806
945426480
421150936
296356308
904680701
885901347
530276046
932351401
596772721
890339105
518283995
573039250
228659288
290999549
335032645
68962237
436519566
549289742
890943519
740920257
617371087
392267326
398892723
898423017
115674109
237814576
210681767
42331672
752073480
288957151
962303342
772476513
422253026
333744866
734220660
401930708
218742617
846631144
402567019
158872162
597721784
997719570
718483054
61556815
549277080
125649188
850641957
248499785
594423262
902299153
934322147
246495667
426028842
224927736
779130564
489163631
175344035
518990532
75742854
8827987
35555920
948246170
991845937
5025895
106970119
236617643
493007089
582429486
580344506
508929733
812256254
221387776
666884472
738779336
573497744
968299531
719985561
654578031
707983235
137401711
360537624
66763400
599244953
765384542
101290672
486559930
263101260
348116761
440920390
682182392
850637690
628592720
379266995
349957747
72761874
850152456
595769607
897497454
359414766
593377657
838754072
191299620
848040873
354943984
755294204
231221609
867340074
742693725
348450009
809807831
252786429
119860081
425370860
670933506
981339088
64765481
683206105
61235537
982486897
180168033
495167685
823117812
693850360
432546738
175540750
848561001
974741395
667528075
133240626
646738090
545379009
985281236
679898486
590303179
994179903
876146009
890225630
35937439
442992643
868938393
630369487
829617252
944803353
87667021
159514720
171129627
513756094
295248776
591225496
710646733
682831118
68280812
933166084
103683833
841884165
733378763
677989586
138283990
663864744
385169154
745322357
335474660
768794775
446982949
296513338
330231508
703271785
229634458
33459572
4488763
249964103
609414036
668238028
395974102
869697453
16602481
467909072
223972970
328926817
869898347
904385198
229177504
306297019
124509985
137214694
841000939
771872575
837243448
448820692
679801345
945642528
705501786
11697955
673997509
623369732
290617774
727633889
110472003
108465341
297965437
802130739
196805652
887513714
35945580
640198681
64822266
470696918
374248817
385465642
730911604
777641875
660908884
46706141
20318942
898239614
524745435
125591294
434893293
854890760
327513676
31469770
571152391
409032349
83579325
170869579
255467950
211694989
706616811
812786433
16905256
572479373
811664247
862020865
149084608
22646498
264266181
636837595
619891802
528859580
901296738
795634312
325061733
136136731
398137960
473663104
786611396
920490148
121595357
671812049
542060491
375840713
803309364
160788240
96154466
149175339
374674785
65206505
658049304
617352837
579178633
273341812
692108407
444382497
75598162
482826272
264830848
957000383
874031937
679114446
35724037
428233982
905425312
921926467
717311625
967384431
990487838
562547631
469269419
958061767
924438623
598531113
9349828
570840637
296358047
174976290
442737015
239314223
817328073
502697518
400672547
502875330
891562552
237148987
180876325
878387821
618984213
843808437
532400413
282339908
345660797
307579840
595040982
440587124
348560188
692023493
933297639
704975348
632007457
356352064
49363848
616860238
131797366
183665639
291098017
374295007
373665548
894748361
659944517
209433293
243809680
734029841
586568594
337108427
890934527
102665781
776787328
767935735
892502107
407502197
982828261
408518192
384545304
200669918
677920066
812797769
292788404
739760397
909553786
860131096
241276456
581886565
733903820
726017123
518634210
182167507
724445148
227410853
326406438
893124185
994710
963841197
890150459
489410073
642117088
507928720
812206499
438582523
43947025
648361384
161739703
231562852
363814325
594157291
26859966
784809754
459310791
258746178
432311836
452388354
460750114
414018137
742423722
709269532
712571257
369093865
969389661
58586226
940174597
575628207
198918853
688866616
259041593
728762661
211897150
680183407
367038241
830476997
949796144
61921311
646709010
913873323
887688705
175180173
632200459
548963847
257764826
19242203
838583746
729182941
691774635
882768776
716125884
500709921
974937904
572666686
621425416
865776748
353906516
615246543
705048231
519939048
883451913
761990332
458070119
618693641
993539050
660765421
727761335
164504519
937118499
121752134
134701112
265178188
392936140
293157549
680521302
743054813
910786028
2670922
506917755
616698081
6566153
833790450
165192478
930443857
42788490
574237032
739707837
505896385
388298357
193022875
649066531
498007441
984797268
267862671
890294184
60030815
927209931
360114619
726557976
897084738
946519546
322639801
333964457
632219792
409572524
18549745
942123660
514712418
230684465
281649670
733412002
225961776
737911815
289659545
852825853
218867652
582544745
711435839
172888355
872766885
887297487
884131633
727449831
372018363
335749500
226886203
172839653
70240363
83192870
68309838
252754259
838197496
559057859
617593616
65337783
966447685
568619564
453071681
330135519
832022491
665203342
127955313
775727035
938144219
869681282
911138450
924652202
996377545
896848713
948272704
377194980
775879432
531873453
947130551
745299505
998149714
972797309
92718697
766474318
461810129
403853617
374212635
351325931
389172464
661508670
846508181
46981947
793164536
244606934
780091511
702542035
806888561
53334407
671084373
828628174
134211403
60927535
888571676
676969381
423916568
124307245
411729443
522144778
87516467
80355721
294929810
391669378
727550598
314435560
350000017
577274918
103192962
202220568
325590881
530927871
879698033
291688880
691517614
937109762
135680492
714444778
760823744
955754731
28142066
605714196
282769650
591871569
176326911
834154772
474545844
881641579
320125635
253522960
930876691
190140204
422971775
224757463
937539713
594485607
289048883
672717388
147978954
563121625
95290123
756427370
711554114
598031944
277240934
292507414
11307031
598098152
489890628
203216463
381720486
883966037
370883546
148697625
207382477
382005006
220372726
929227146
171376964
721209703
468976285
144112135
423259716
340994272
776205019
164947009
84965599
497084000
145058094
29893784
278686603
22108986
391881041
833301154
930168300
773050365
25748527
194867865
993490934
401235741
639508502
294173502
827565326
882769678
504994435
68465096
48997736
915495830
386046786
995769028
655863351
801008626
665133271
45549312
991149362
487583539
497378270
652192295
150561809
511838889
682418137
248344099
56024085
929726951
710406528
419275248
845049095
944505567
402212371
358213799
660213720
635429774
769201565
676204970
303999383
470852321
361218698
412080279
69429329
203858859
394021503
844296245
59483695
403969910
863628738
390100400
606404109
409660974
644367470
983198977
612973311
66073501
683637510
328100917
145886097
612127573
861540172
329498493
684797710
661587158
894209444
789225493
777797909
535995301
496775485
655193701
97481497
724522791
181145782
351321610
937486263
838141164
630501095
401697534
668189068
362910357
247424009
420891063
175569705
823097654
843134889
157443283
843157608
581099534
209383371
949817902
781742682
669258669
617327005
48598728
376202601
385725650
891001439
749438820
180488815
855718444
255969903
5121706
918357812
359845642
59920125
599091826
433164977
729601099
952780279
579439380
16081665
359023438
364279979
815395897
32689887
192709675
161912103
421829389
425745960
76729568
403137780
752514751
71279716
582403338
622889789
548971292
198197845
385371488
939195885
237520014
39819216
274020746
670625198
313128466
868560425
442361560
976861757
553920273
998649296
495230708
116148386
925472959
108448924
272511588
145339616
715100166
999442385
77765452
57036384
93916782
457514328
157645483
527762223
296309964
210081
172398476
300074352
78459842
946368608
968341645
508863006
917492134
312831134
365452487
203396396
253791900
804178300
913911951
144033254
642317690
368297140
620741072
784891673
136239013
970177280
665978716
769412109
929048010
677110187
955606786
337094649
594287786
415511294
151252638
442395669
226726007
440931871
693725461
864850187
980734170
730478398
335227071
992390088
870136185
585033745
726092370
551131598
853628500
72251808
182655917
610029382
655386675
577318711
557119001
684122598
272335356
275547614
377404858
344008701
732082535
643321321
925682843
761904081
610058999
540997023
271904816
223880790
998088405
341826664
511383401
876847558
661115050
936652186
226061138
120411252
683444916
305561213
840730501
680230255
103407069
135669199
584287197
10933503
811077397
121227391
2439315
619328681
124771541
833224893
829286318
610498457
861175270
127300839
21281645
605942873
534780632
707428605
43425041
118963754
56109944
833688357
793149650
492640455
481786060
125572060
186312313
568055689
542112679
42923257
157488246
481877627
330254871
554218407
48392559
907724990
125162127
413615108
734769283
887833553
318525699
560130823
146751328
632559451
90196528
161484384
990696967
761509284
540726039
566614343
258042468
375632056
48920166
184406569
767627153
820503644
397082238
48335788
758491777
386140476
620372567
480565380
21427144
660461552
976585917
114675314
903286870
587524132
347667575
95715251
99358520
140014909
137915267
646933347
943409823
489449443
135247005
966114019
77678595
259346450
557841535
489400094
771216787
713227280
34217415
792783879
720910847
352584523
628468315
977997963
43584554
72590654
918630660
562373393
85356053
973694762
133245699
961898220
398258092
782649513
406083410
408746545
735850892
742409824
481673968
107775937
66004902
510049280
507389624
530005697
882084268
156681687
795980075
158820840
144395977
558144671
423328126
949052496
901937861
811855279
360628840
983137346
782467239
422542400
484451660
551795525
527383596
831293459
274988294
138918638
459384409
513577139
148864271
875860843
848563981
689241404
495858821
873077241
750360878
295798327
114932609
92443442
349560203
174959758
653202403
131047001
216144923
197722560
861839310
109562
805523438
375314053
142632002
979768846
663215876
914295854
230772231
879866425
329641450
396836733
128307971
7428487
625297801
820423085
938335307
417178890
400109294
278897661
497254274
874714430
692361473
286966294
677615830
346964085
811340936
577560894
92846944
552964963
779772656
843062647
235249200
478491178
581094941
680755743
900713338
989177227
827819907
242426903
793183103
985096772
635173235
475660760
838761987
483712489
833746346
753446514
989861438
227326270
603890331
130283344
987243884
797902648
86043004
824537400
178327545
219594726
983776186
56086499
956593407
532105306
123124864
176185557
728068316
900362337
436530902
964048755
824742890
291652469
13057329
298886155
405964875
126939021
196204372
537850084
976076881
306021051
144547688
484196408
882629584
11824365
446507073
92445185
233092596
252691339
43176408
271963046
109159727
504537570
668624574
777841697
882298827
353718775
28742219
760803487
855180557
435965804
7465093
68515555
296632401
55464617
471256928
565253339
862425996
466773708
754885725
340892024
251741886
864774575
626633348
184661290
124677910
775224027
855322082
729218494
555593193
698281489
618646619
425228936
590555791
393544797
163262292
188919393
74277003
726251649
340195806
979122311
880519892
650924387
936015745
101974241
645334540
863331588
490067034
740924948
262330052
620773107
88405708
398492551
669481061
837405692
574918545
149142142
240458408
878913992
179629567
483865137
375940133
923224053
981600532
335652042
13684705
543170665
221508701
306400145
592059115
161343680
5220168
983350645
540939815
455025131
64099129
442676444
328432606
844626770
216751120
347226444
145187357
662263608
844567699
183587795
104379494
449518410
843915162
357951816
708405443
409604576
279522050
798170050
97547738
793522703
910917000
453392099
842448885
324012492
401202911
832987475
801318860
644682723
899536935
149954681
96736283
49901153
426717730
105762412
601194608
812423931
409130826
350528370
886862829
19832217
889810398
255762248
305888010
879784477
814022209
595403548
916272592
991753652
79230516
239156407
987719320
3816936
300524210
738132210
759315572
413358399
200674088
160433152
950794775
834382131
575351873
963292737
539802252
543525275
134739998
560514604
921387375
982279595
436190505
292345084
783895257
827431602
447768574
46827068
222917801
552160512
822364003
563400604
986721362
129267914
961860432
233152841
920005969
793978704
212713702
364094459
205268893
199549628
216218879
114678950
94243117
425788110
980983706
253302207
212467969
500114093
672782466
816988443
489104855
18766491
778566238
508145684
350942577
968756997
523277844
882341690
540733929
489300143
60390680
552068831
444951313
60130154
693521197
504022197
610506963
410900397
404029063
92535225
926177671
180096882
6254677
684533553
277698279
306543794
423154564
696338834
851195107
329690565
927060102
660844597
134231846
765458572
20661905
105782099
739431134
836767542
942102337
782463055
707481545
307532347
38804983
133809378
469126366
480936506
234306625
964308401
34023213
356705876
700213152
193793068
949096496
129351076
596398594
666961643
200868306
663783687
454855791
196387533
38644695
706314136
604498803
572840559
227342289
383227810
425071565
33424784
745587197
309961285
234815096
588269332
547418534
222148627
425206097
734866713
937343773
857250118
81315334
600201741
984606878
752920930
987924815
518166114
675448371
231710129
454819424
469304336
505802928
628372555
726585829
711404360
861582766
812160452
399122319
228206442
84746797
83749902
665520726
208649095
943683639
438697300
489086572
986267645
688784151
3589498
760436516
291579320
952280783
266173762
233960146
182583201
171825559
111647730
674891294
239246584
147993148
374832222
316990577
661978070
482564774
713212453
276541372
674016510
837059098
27519999
199406542
980802165
550917832
92347124
355731866
585967012
88082964
842075410
715365681
492175961
331338761
683083387
158456813
965049016
792781918
86642089
914309031
486529040
684447275
92028961
687856896
658513749
414470446
357291162
258761262
830645959
229659748
187548433
669500524
507982558
252811859
821123970
627724511
552567858
62455389
307344815
475380572
940222182
467711234
547585252
804998504
316113106
947759814
789682962
712109399
703814608
265732291
375527713
497146356
243810692
802858572
969764043
681432489
333304379
722524934
520362476
313229584
329100815
459992325
126451954
292366370
581942227
87718237
419070941
302097007
714273002
26992102
133555191
598617600
630017000
479107023
636334897
192736350
62767214
494159685
437847425
110205358
880211650
29791401
173902932
499313839
306061343
517956701
75866605
434762769
161527342
494905612
351226369
430671933
411422692
533881556
134358047
202960567
156969409
778799761
299812961
696628912
355806127
633227199
239866795
964655260
541306692
69486811
845456688
438461386
155388603
975371289
318856818
493942267
155537616
517984381
457259187
521519244
188116933
686022701
464670167
393913396
411288898
476781318
73249983
926922402
579250168
313605126
109791263
938263335
74522199
827313145
310967061
206326300
831038949
788649877
799924250
531544867
968930678
140420650
175920728
663664364
280982898
812151353
155215611
871758235
236763918
519981334
776590422
638552778
447644494
472277976
157444230
709728903
901069568
365097771
766000293
246585617
38129733
449006996
883450225
894656216
389364362
365170777
473463352
886755141
298681137
235140778
33236755
81633189
487455780
105172722
591375416
944929008
975029200
783491889
16950406
495790484
422502325
899668026
292597458
642443365
446803497
657382792
678281197
365292221
858495978
903399708
859132574
358381684
768087539
320227531
298435079
643273272
570086135
568848924
949566344
112086488
587806679
790177820
472239972
802561819
499234629
378658788
173171762
859726624
769396899
134144142
528825035
29111177
888943040
973797542
730042566
154218835
705450388
587720042
749637728
198039615
896857985
273718248
850897007
771837177
89421679
282463323
36641927
769165130
768694319
988293281
509563563
72082791
134633713
183865761
757503676
398374512
966953433
738475968
725926163
588769366
296474384
913479124
795216993
719675949
967150020
348428200
862800231
325672625
61027670
767170962
573102064
238239872
244907803
410173469
106901488
591053128
501941737
513998362
259096545
677674921
93509612
989401981
512475166
763262866
760447117
154840915
897897885
603452018
252843798
490483907
585578551
543049348
313421160
331936854
24694254
240106687
479942905
306168713
129563808
552229678
543672422
284579825
276586172
192998198
934403033
264745206
982480661
99059857
992948616
751923262
928819736
308146728
538099568
316890744
693362821
43526263
998875470
245073655
663827453
62165094
484883199
418425046
10792395
920590040
547345648
640472483
816011786
436452482
474347277
744701006
992938651
58194240
856513060
428063731
330163631
359789255
527436895
275026651
125410096
500939449
346115780
457994490
718311838
271466456
163909459
728029456
447445261
782037901
897499272
471805807
587304480
509437382
528261011
932609968
573093424
895050143
382574148
661522371
129693911
538241734
947710977
333603998
310664134
929237693
332463936
42462660
806419928
500631945
247979015
521567681
353343576
561852295
688443616
703335578
527810616
443508454
527683082
18902539
750781108
868928864
147386942
509913466
838216989
453612341
829664621
134245203
6304885
565273463
172842884
116261557
521659977
544974976
5169106
15749191
882284133
743530070
21951943
68347061
146183342
757637583
310613069
682310059
470894201
213688794
778777390
358910519
698751170
228303275
492439858
750581458
537016205
321211802
764605046
426800054
208576958
585526780
766369326
815822388
818202675
692904306
818494491
454782853
358370287
800314395
97099631
509230470
944469058
409624783
775312488
462990900
983005155
765944473
975646079
418835294
897431382
533399045
160413420
990247748
926334055
481400370
588726339
78081195
745837695
154078010
177829397
388503730
565850404
608813031
194681241
488610718
638226757
153147798
837111057
566980219
300091623
963026342
759922728
693586476
587098478
687955877
19602506
538537027
219221151
203806317
159172890
455463402
28541221
784110078
419837942
785008331
136594380
612823672
852756725
744334730
146297337
514428866
854757929
163436182
964999938
201027887
782074144
500487816
294617086
97386749
894021907
218996325
955260286
154737029
206521515
82860689
480135270
932854859
63184309
166637003
131289465
27105006
808872823
508992268
243082601
720899028
90960832
165743286
708653060
974855075
421896077
257784912
201103599
529521122
821426066
226398893
690662310
162975270
874501245
861288172
126917353
625822414
875144816
402367374
282354717
702945800
694387173
129227471
355422826
250019613
26099164
616215940
274518614
51236019
334070299
583341037
586718059
325587682
304968784
130867501
923442945
217546750
379102631
109307883
380588117
946436948
157536212
650830310
823723255
906070983
199296905
916846212
18882216
303916175
746356530
660141261
717923637
606903290
992180884
38511131
480604634
906567499
746770379
511682826
413574813
827013674
155780326
85787798
386447969
259608129
917751466
360199071
677454078
77400767
357239009
913871292
131090611
958713727
88398726
156848635
558262249
329446635
527721589
929619302
298901105
597859531
619243783
998365760
543280877
477396226
481986768
162161054
212830356
610195644
903409084
369794897
439079349
215823284
709271157
503363634
49984060
851762079
898915283
476567586
365380641
340245588
621627317
535672685
497907218
865336360
520311487
860477336
302332275
236458147
264569068
102158783
193269505
276228339
348457756
540681628
471356199
759435171
828690896
810659645
714660924
413982731
93885442
127385664
512365306
363772410
368883539
55377126
547924652
197022465
916236996
819001196
437060176
242462918
226222430
692503143
784645473
766988007
979648314
89218620
814624657
783810461
186971738
815171316
966908206
54610310
705412074
17894624
393843544
380821345
824452590
232950023
776113345
938049586
943015348
195711055
408244670
230538450
156046827
403217975
319717115
959217769
100349019
601747544
124593191
131505487
152238021
27078121
223102797
845715374
292679671
988108053
550268183
917485659
600051441
271774912
439145508
828632069
381550853
165286451
837271189
526541981
582711269
982141680
235567244
275796371
605780652
61189887
607496546
493299093
399028641
384198296
626306069
975583800
754648735
539748391
98537690
546526978
55590338
58943584
648178451
441671868
984552518
269341293
306109412
236801468
995786746
939064423
143215574
678628570
205022859
898906636
942242677
119716461
502115426
600544279
561433195
599600538
551378994
803999730
337164739
943712626
80600082
80986750
434277362
814606169
170917266
277633372
355711629
675494339
549674181
541426874
757859615
130389495
160150309
235354725
147047898
968922130
891932308
291441402
163069735
514916469
56161962
960532525
782666369
22310331
583513538
329824403
60799427
557917978
286578305
885723596
40675767
371998620
103097680
836159525
855016301
912226954
107598847
347935180
501097214
953123331
603584844
736845507
324724784
942572963
59771044
855894684
123128259
87861943
441124836
335089381
369986969
936660393
646324973
315286261
29383066
72596577
842789370
128262630
245946923
410412762
678011375
585644548
398241227
901055377
587798067
868124220
622000636
592475008
694925818
120069760
793635471
284493254
999430269
24014684
316072032
297043803
888405180
735965686
333458021
754690879
43734552
780645884
253365901
748441932
210302261
22051480
64433999
458552332
179963130
798124094
280481934
653604922
841853553
817398833
139541004
625801327
17815715
236271724
557446156
715640999
298258053
434556869
178506924
402539949
237389131
139206078
95112276
998646488
4691646
234081175
655878147
128626867
101871068
779249541
425494834
185693430
223621551
770642190
384739697
650039607
585191087
3598739
662878384
916314236
697273523
312164034
567738629
409681797
587670809
359940507
158905196
115915578
914509453
552812784
333877170
327870921
748754119
713089602
678797453
16080572
927735540
146634090
263730733
515813144
239823192
743053498
699647874
492479830
681345869
925418296
657126890
258084263
827048114
532723713
298866836
338188554
792297934
805353928
221615231
113608325
134922303
466762895
153770778
723226148
917457029
370129379
322822527
703708284
966027302
203676609
870836756
742022754
739009204
699495132
291564075
633254497
461792370
869666291
99999297
158223657
482005218
853142016
498928612
674722190
774225915
688345734
84130949
202456812
390249271
172365024
121556724
491072899
914278917
964193081
669233895
774295717
163371609
436596355
537534190
167714111
71771729
747654489
496586919
643967591
520529952
169036650
352295070
875267796
755871629
162214991
600162680
272532041
449318068
371651275
773575100
638009632
767890852
476881722
807246461
492624842
380983817
298240342
101057638
632135528
535984049
196701430
832282956
208463516
752586001
964370945
238953044
616723271
444979486
800224260
126611845
202836026
517225979
594429494
401183581
497259259
632255229
522659369
133304078
55418780
993470590
286027418
131046846
53216082
961503725
106370859
506726303
308699573
129187563
686565071
316642970
865199973
67271337
26692908
73675161
755575745
522491278
966169558
196542737
138519979
617254149
766679504
923850650
866140543
500193817
670383713
145480868
404280408
979337248
468590339
32111624
275612980
800278455
752878152
814710158
279341275
451520176
394199502
301522328
406023060
5924730
606021163
318173741
479840369
131103638
635106086
311813473
969921562
701305447
284977177
996424032
948460901
616603616
391303218
800539117
138480031
754016930
170961950
202698080
464168858
580101959
657462514
138354518
879411241
971487711
512295571
245958306
626442182
682160908
71792661
473646157
392940444
838834336
932385681
890883174
806864495
308156364
931469002
434583810
324784453
90849596
983395852
23405749
620400902
832163911
862556145
7007153
38078332
598478065
873686864
446114182
708084996
661493671
200307080
208449671
654684037
374242784
521050222
325539751
932328385
359387053
547786876
638930872
272451713
824150681
41563586
314057630
30446573
710985495
228092143
204538075
61414151
45067478
157608558
157801785
356919458
317183008
749885696
531732238
827834108
235325186
387500879
132029435
490752938
50558337
199418397
764923212
242721619
44503005
314765800
25203924
507403928
449020539
849056510
225299160
199069875
253700228
294075902
498688796
860963333
263576519
24522332
568485655
245038829
228822599
743655065
491726496
120921534
555344155
587778573
886517877
567144097
470200056
730148260
517839086
703418
516623393
14625017
461501951
220327650
653986551
389441748
119776884
446890835
875539375
382638753
616962866
155815067
998550849
897616844
199594185
160120517
263198674
590124389
483490750
316765856
401544377
714808733
727191955
58949764
203916384
818572262
434412013
639962554
899262753
207717538
291739
682719369
512716046
724770495
776740283
769000908
899693716
909831730
720461241
193276874
869293253
851724845
103190844
51000177
399802514
992204316
769931270
494807711
274947713
1875531
64255962
435979925
183563902
892593544
747900587
329394693
581819536
43220499
833962761
402374297
967739078
588118228
796054974
44756499
319076055
477561118
855330221
322015695
154365746
84780184
259988916
57763296
83119301
363395818
219577052
927499713
461539119
281360877
837692190
516188471
11066966
673879919
330654078
287670228
391789779
528656391
602164733
973746751
580611431
710255884
24149412
622407566
73325527
266357106
130995583
787294187
698167351
442075231
719111852
214393598
335206662
689003656
719245595
965575863
638671190
870548559
540604835
138789841
154750527
720013615
779082736
28237591
284558284
523296550
848633797
236156785
537772560
650418865
730487792
388765787
225071789
724285549
512261243
344457820
907569300
869195920
65935761
201029650
232825936
887668650
761305674
777085000
698548182
891631462
707182827
777250484
825685405
609134301
893934850
172241798
383546920
218427606
966851269
97582257
731662734
680213355
171474353
267295052
720492738
409291949
421494255
252227633
249508506
632646247
287251744
804498043
194899189
263547874
296272156
758937615
662199904
54270116
429579354
806173354
625586545
600270945
7824715
578155416
582579523
481777515
620400713
571221616
639988814
638678003
396930413
323167450
124417254
610921341
555658977
774678492
580883894
907716321
151374143
249898168
34881312
465298184
660655418
274308632
952540408
324573754
471367361
751076862
142624453
143153539
483427851
61313964
753301980
689726435
505252429
457982367
301458903
824504904
776914513
220139420
917908419
640572535
471114190
639103851
924284988
101246716
673944817
995806825
607502457
44954223
361615042
119363832
366337924
37556659
675734429
401779575
810442745
274938545
616316539
198088173
562164175
840657378
597829479
170056004
613766827
143507945
76634824
144486185
302876014
822688000
496869177
616288191
10805494
352174859
894374393
815933794
433931489
996203536
170137335
47202092
506294126
607280489
738947841
274905984
102516891
423932093
129511621
578640303
426962848
815888952
251220201
752108326
206265820
73246620
751403393
9774366
715505361
384734437
203000807
687203048
917275987
90448570
595743832
880056383
677988723
512976678
472431404
109878060
674840781
661446416
151360554
481656522
441867852
171431702
545965722
644129660
400005296
465869887
183025282
913057799
155427047
404242056
410976239
129553376
250422005
116871321
979363017
599655150
894886236
970619443
43582024
830979815
22277887
716124712
93108781
268171889
227614024
398021358
184151916
140601618
634077307
194160172
799480026
299297916
195530400
477561852
102707441
696828483
546558727
567616407
959586851
181920334
561445684
765106762
700387599
539336330
926189685
183020882
449469295
407272371
454992916
874798801
346476782
431868089
471018903
527418975
428468126
749701075
60088951
251426543
819854975
547182273
49450427
736991411
837274554
685985491
224858725
385564235
264038901
983945175
799447070
558728779
610140308
312095649
61548819
874273973
755445121
658953140
462721166
139432237
330687820
472085517
615325850
823811783
61604217
591874012
685277390
539801773
159581211
199277378
307123743
957191925
821135994
687611002
713923126
497037059
643415431
238935019
89190902
670650434
82927814
840478485
49782550
677659233
16977610
337457023
684181929
75989136
841471079
734987860
475017206
399621128
291624387
552859029
255087892
449797730
800455694
273870541
977696174
908504762
717390588
805466289
425428583
23009126
591691501
265039757
781524419
714293741
768880756
15210606
522027298
798881611
183833262
804512934
846004951
963497239
782556652
808548668
283123178
467092410
505956885
623211783
139141211
179735924
802800500
122226843
17021808
540730786
450323879
481335603
360441
223763178
804464901
264858173
799292203
648089196
253565206
176883321
269373638
443970481
617244908
107127537
577454420
109962275
768913925
325858345
359567014
509080045
335639319
556416136
179435698
781398707
328168369
501927642
796968892
245770536
262191133
603575180
203874761
533087480
20100867
511867733
802364285
89495191
973140452
769516118
400113794
462155202
27815109
836150069
41991562
620673439
719303506
990371623
323896362
72482353
599201491
668340479
605993570
206020830
506085069
320634795
949541915
591709116
619926804
371148784
142338165
4705466
696009908
415360620
936721047
580028107
442392914
264280209
870857848
389111566
274893974
652573110
186437059
147986990
970823904
642864747
669467759
982780153
464000776
551242561
854780474
113527843
851937307
61414840
503197580
912190981
920380465
601302102
257186641
618955381
648471422
840876591
417988344
485982940
731976413
728470441
975421945
90065567
781161704
438488812
875358430
700530925
696933803
264115985
41125876
751303691
695713834
867084781
486820608
617157903
90603979
534340626
254352416
464098460
637340624
725827995
864673638
917505820
966651804
698563192
236713283
975289346
713537857
41184249
840225260
717013254
811341232
93319826
562636312
844849152
935035604
881732301
937200474
491412078
660150794
607521115
951321863
235685706
844236733
539566589
851789646
695976828
30226067
182170279
763085503
325047775
730531458
24382955
532516800
620865328
729215128
223490847
684848460
986880154
619175481
169506388
448001045
563713670
389482209
895534447
6812544
271491399
158519387
130524508
655688302
925194869
751794606
785593348
30453837
531225826
984613487
870282637
101582505
40245367
467133027
94560973
960243727
14393746
783381158
95314781
331792695
467089598
589364939
291906729
277591734
707361104
320166712
265617301
862962586
895707224
968293693
979410368
826598965
2872173
103519425
201072501
267652886
956238650
847248866
33017831
51684190
56841478
120174329
623108064
817944839
229901707
475916950
818358772
370330516
85845519
689506869
995027913
743286243
325583346
792757438
786033532
831868326
730463395
448367588
865639804
966384274
176377312
331368337
662590660
288368840
455044146
394736738
502521428
593103345
123490999
120821057
753961354
923935569
787474708
408405992
385471500
774421568
818214703
328598741
197754610
690208207
392116055
223083124
98262395
366590852
562072406
301487787
378232145
472291706
314414844
226692007
16473202
627534957
70318163
346364873
565083350
332038380
244975469
683932415
866329582
708656460
319833119
183181929
405029753
822097298
847582167
973733641
264553437
248421552
361080432
101121335
595388746
485525862
151423275
89238189
552038993
221242349
958004419
389926646
684045469
521257854
849026654
571406756
660704431
349232744
736301566
785020154
670852497
481587843
241072869
168734315
137976757
811868965
404868088
256977823
348274901
392997956
128929140
701575006
47998238
327976719
248540518
724255991
763612833
183136603
181878647
687087766
352965712
955699278
11832509
161435127
864434512
291402222
795532570
691363086
467365846
391077118
582370689
545077182
350615262
592437650
214699803
671800760
419427514
321569170
897746312
953296750
990126227
472895997
52767324
491146323
65614293
891085406
425060399
663844069
59124415
293687339
933084469
169544725
451908225
460467758
917022323
789263427
521080081
142632211
467133753
25721227
420935107
875821375
431532395
799420953
475982033
506594132
766667451
868538812
547548395
655001150
80878823
932940825
7393526
961866183
899276442
287720199
659733653
760883930
122483684
850212841
346371323
652916699
258530254
494221759
964146145
720874124
483493483
609192994
867115897
501451146
744354827
573049328
220616450
447447901
760600207
895337164
321843922
732404417
945066716
883404342
67527537
221188677
293216775
788467099
356135770
770305071
474002881
391797151
335412481
377294156
873149095
490029389
601941660
879977486
443070632
841353459
998424953
732966714
170729807
141875410
930036177
326304375
808330479
876337792
14707185
922224103
709351153
758937057
143732922
696644134
826493102
423371080
586932361
259896114
563470208
108191913
561779871
279846771
496579301
218057649
401413188
880260269
799033679
641612803
144581404
257014304
348694501
65582640
185536856
353723296
871821660
472333625
131433734
969549698
684685082
361245088
189135337
490820276
623221916
744430593
860094713
279818504
864560949
776838834
189729022
886929897
143350240
874767724
754790550
967158260
915398677
403503100
271769627
659028918
164305274
516757996
425715004
636157659
203218579
163631098
772086468
469082299
880811738
752156638
562990324
275058819
877048495
976712197
747755518
947773806
758455043
972653381
430243690
661475246
541831769
330429632
746692319
534247764
635344363
504814173
223474073
47843660
822419216
864526399
389274518
193343278
470128899
781293067
306918272
653592551
450678
504172884
295026119
673245484
657647677
142531054
955209737
571965965
999853313
117634482
779523622
664620178
22012073
892087577
456483557
715006214
200946826
221065048
166436029
14112262
867363639
753340352
557417629
758974114
941562228
160729071
729148810
375623569
213903635
410027626
652475790
216843801
1223243
418437070
878472302
831252301
351606730
697713370
771756394
108363648
696459793
739007331
492939741
136199997
428276325
651296433
415545418
694497693
433637610
866414549
439818595
457708870
475238977
562621226
372675490
293087024
698175271
185379282
906744928
894271283
986039496
835959274
999018112
582278146
92578547
499098846
421494129
125267869
492660778
954076873
705231550
496568244
244846569
980985481
10363459
941687841
524038161
280160502
844787574
827644439
90306723
774563047
489017365
465126955
66313666
867270223
654085693
963085521
751879118
502013435
548677076
769292111
310660402
487627924
129862310
372160884
335771358
286200988
340612229
252649254
728651292
20791809
747251946
350043572
491726066
541317960
721188584
172959640
64195829
618732863
836633757
923623592
195522934
123785632
831669893
835544083
465983429
506040684
146504928
908362470
174841220
430233286
96620374
830828647
99113523
14813469
733216981
806375063
637782450
294230472
658382026
131570193
743025609
207532475
796611484
851158508
105893042
487282255
562399620
637160205
518893570
792901720
4572
730605801
137467522
326975029
776269501
180030283
898684810
855566994
376409432
884447222
758946645
13172751
998409726
376238226
890189431
319827648
587122306
421588712
139620773
691385835
709387599
362616242
912326191
775051642
327392101
154990937
177686134
517205610
596497697
409976822
987913496
78562022
221969884
368400567
681020816
137930447
126086954
882104379
610883283
716569521
4350657
814166628
439215716
712509669
720723904
815053352
614343953
268019611
92552578
247878974
212743671
413777324
894271510
252568299
916575973
577799040
832341023
966701810
444306771
200267125
515452449
913061391
680176021
925477727
271882335
521284935
410749254
132663004
906577550
192196399
484633702
710643900
375827202
902234016
612932076
580085985
267201252
37109420
354491390
297308518
283192337
400229191
9402754
694919531
534694081
452625687
726076614
973752535
842253654
546455152
590041622
290263001
431643109
439420586
326108444
74409978
57393393
295094590
961079679
155120188
765151769
692204079
884043928
908254983
838505982
65022571
154735060
728922154
635269735
429449253
662460598
145771866
62692764
331839640
271769683
34118222
212611894
187985710
496733516
930286624
285619891
346799706
801314178
482705073
975635282
895517681
829204814
820404686
260433495
389707380
625776866
541554476
212471028
320745196
481259531
69977023
981334429
141642781
953967900
860544039
180551459
80755882
631508294
753096022
93095762
74612047
446589550
468859014
562759862
697726284
523654200
518062328
327981863
194313046
472900214
321086451
811449281
267000051
377524477
603871734
989652293
277237406
264590504
795534691
223549898
875067545
52133599
43696812
151377318
404184558
40178496
936045726
648296439
41692906
130346856
356701185
810430329
698893791
935196585
647849985
122565378
744362239
213153538
946168021
637415440
962417883
500075186
247372882
518932940
346301188
730229730
176502341
3131737
177535359
636323399
906734353
701862012
524996075
488889494
810097883
770474018
48627294
346294283
340520946
583666593
557752571
798293383
323970065
198887270
726710854
2283719
242704401
721819021
336803985
457933774
550855503
824277058
674623110
57724697
119910141
137080681
878060972
239175082
68799806
796287086
241665922
509971966
522402480
412592401
415454196
360048217
495124552
758806256
573959287
972340179
465883692
485637832
9230748
593098061
818630641
515258880
562713412
878246749
745689518
571796662
89729039
585168181
395634713
408574779
224093765
434466136
824449475
652593087
787144567
582588778
400680593
964112857
58403187
164815063
794174325
181457222
697199457
866904059
196274840
214025358
814593307
806646204
912845422
490850149
249780261
512569079
431523737
674415615
483932715
937433170
780906101
809629549
206939567
13177139
371350804
439100455
439056416
185254920
269342129
39490461
66532806
944252920
188259020
753138962
726574284
667272529
515243620
836069176
341622846
582858965
99615080
711251849
775979225
493387825
972681658
819832438
740961413
815208550
438198277
690016777
18667687
535443055
887824594
370369431
117131358
954927767
754293283
169679756
788293758
516046739
460192973
586649627
843215364
62861461
654925636
498015580
635568054
600669099
124590961
329663885
969920242
910827988
494284460
995632232
14612465
68506899
440619614
86892179
693206897
280438446
195828691
50911810
281977131
21450462
237106159
186637179
540819051
723049249
89466616
315151202
570453723
69713107
494139291
888014217
515511537
195962607
330540449
192281315
982303259
945253900
342900372
791318798
656157840
64637952
190725489
846835051
619876902
454709533
506648465
221691003
410026613
651578310
295403345
947989670
305822344
767328078
190252813
776650497
391216913
368093258
514991162
79955686
201528148
420565048
591516530
131024738
922208227
191547450
360511978
966708355
38511923
687257529
733248816
463026614
16924657
250944569
810111392
742729882
712403505
296907650
922757298
11905071
234821724
6560936
377227706
214281796
922755951
14631502
520975635
434816566
312473579
310798487
513847332
212843379
795503498
385069587
360104069
519446171
777706617
71831720
899534490
761274680
13608466
997920660
942476282
441583540
393629158
634345020
293726990
41064962
767502597
34056125
509989285
776158158
419158019
651360760
36605078
784204637
412628012
931943193
549038930
626947021
770025261
480891500
602031006
776447951
230589415
467520105
530498931
26853951
209280212
91010999
728783689
299474575
415655657
181020365
877014106
200087329
969117036
534702842
839722785
547107677
22672177
397317131
75407300
494444154
562315110
570469449
388145581
149513614
635146803
57048610
830029814
46305491
93426779
434936368
169337605
917576938
877605011
643372464
642138867
712921805
312851491
708458775
222449249
470911930
35363550
857320591
293579569
127640720
467430059
337388942
980597304
23608645
490918053
6237394
903068673
124619645
970223760
132424426
564168782
572709109
253351899
255917727
391236543
13777425
963713957
649347719
888317986
498358931
36153169
23911499
987996936
841382253
176230556
219680903
395098118
998735432
835646344
529829713
13963873
163111070
351029400
516803381
549523171
909381779
714021577
918514732
545870771
207701563
810056892
920017615
573835695
773326136
699145800
888131926
269618061
33501210
689549206
273791060
371132511
718576934
753725162
117499289
796454171
935797581
389164359
809636310
13343478
179935881
96037839
787115424
492353780
357353373
934701605
668443204
915373646
498734587
86030213
253426612
673267770
23587583
787685933
954045373
321926019
136868460
187151131
525380657
80311803
563417755
521604830
410402692
950941296
831348110
515659333
920295070
147955187
808812847
965788397
402908019
833536982
930426950
856141164
327941629
61966982
23736711
877578134
625665343
360368481
321521177
588089263
845579920
58711375
659431866
206038520
54445014
575259758
591553387
695316020
604541688
476908890
199347747
943439384
609347285
646764200
951838068
547990868
811110992
891276446
610674769
557683376
491422993
861089552
590116593
931208464
105825249
673543969
649554458
282275060
778447492
704759472
826802342
619642470
604051444
686479145
866097056
285975700
448646792
671834802
300340653
158018715
738139314
627310834
331923884
663545752
101077183
847004480
463293741
990206318
978243711
64961708
262723809
903285026
653646311
615653255
747478698
601357654
77741426
844862550
356904061
458673646
840073249
996807509
710970234
729630878
224232774
499415860
868467287
129460516
196584606
334971505
519498744
725003471
121986646
452501309
794367944
503876844
329163938
522498121
523891920
601338567
384333423
547083215
192429728
484141812
808737314
813543806
143222417
502179917
473533509
16084385
803844389
983858963
131431453
291420260
42363747
736234131
64765163
895787561
778612649
602019200
422429862
538589740
835617356
964682666
812480473
608205938
179646801
151872394
101650484
686640631
391590594
471450955
541090515
795598050
495015024
500113715
933973067
833915424
135779163
209293894
974651309
914748489
955003248
255376586
236668175
512862936
565380961
531519005
119629299
740082155
384484767
214778649
866927377
51056102
327461483
964150438
663830497
379218016
923958247
48391590
963949859
882151199
979743558
255968075
108173809
145035420
975003432
997475393
978153515
135329057
805397241
57836631
592576233
925622302
953004066
4708910
836930553
631325691
306623214
336033084
850686465
21680831
447000902
338671386
606784036
684310541
523506246
116892212
662133615
936596222
903580675
690848859
299492687
918374831
866934370
439239181
67620222
702885775
536046465
176222114
504789871
796635445
709775272
693497125
208844245
364602203
125161969
906809363
627430290
148271788
254428224
345330705
511255107
361257968
706656925
31007853
232929009
266104111
407083209
574507556
954081748
153426086
170830147
467073548
183777056
207186790
528008686
661744063
714433824
909192487
792969596
741180689
397234175
12663197
905729060
648810102
933986156
535864820
420591705
368896713
928047407
708782290
119192046
184520816
146111023
116064464
190633531
312490478
718703470
907396146
692543869
101430720
400138484
617882153
363749109
770631786
309620516
977079513
699754795
980963528
115441293
167542958
624984168
913400007
343806305
275627807
815051402
599189149
602996733
427453780
755689810
212162693
254997955
853822667
187593024
12418152
47724435
604020379
186288242
612833326
103597433
802727309
319404230
614312566
680436155
674587654
839478001
804013680
679503507
202979819
150022547
135510183
888015561
601654505
271144827
968136802
880370956
873063823
836675283
360433329
358517944
709711510
368666753
360537362
509182262
4909982
67069843
799614926
571254728
275487850
696460101
879445640
219529501
763203433
701755864
296368589
99749451
932777437
518231144
221685881
193195646
212745709
907025462
138312849
359746711
636111133
635657162
310729569
295833230
656252635
305403547
93520132
324193198
933070674
272893645
892279902
698327735
666686847
476782130
50829163
848028082
430660039
842881237
136946874
92281310
72894318
947799211
381206419
430867700
294195457
778149298
168883050
723198884
370602221
80763907
745833350
682579953
589580287
234885975
572285030
688808584
108242117
913864904
314489117
593294943
593503423
472901606
998298183
723665493
26675752
417435447
662617294
825822111
814335141
203078315
569975342
101936001
275311430
267493901
542259147
719114259
233311185
759668742
258195919
552015343
568630751
511127431
25984162
880879910
961974523
50678765
984291728
603645014
133101504
963365217
346993307
549645789
447223902
238053651
130937747
39562266
405747230
223810794
601248382
582317973
692832796
923232745
148988408
530264940
528602917
841227205
13752500
315166817
9877252
361377812
177446826
657679356
719188274
911798503
909155521
476529993
59292032
2233848
292070677
713958180
522800080
330430647
436273209
789971611
443896823
5107525
104725250
642569192
840484602
904047869
686542376
595484079
384832836
290223230
578592189
510577495
994064261
701700417
184943670
755216691
69079109
882804512
476329026
454968038
247634459
154743943
324799561
365633741
794062438
321544500
433669619
689871917
139564067
951561422
898991408
435513212
694357886
469860126
532190387
188289775
740189640
686599281
657831533
224904206
148051685
41083306
443056591
24177460
994941879
699931894
159972074
621246362
977791548
506781337
24873207
400395404
598809373
210420299
141825959
205136968
519314029
771968186
894478588
883307573
54963933
281556135
579034022
191036067
192920085
549426697
818524999
118419116
879898644
953992250
789516565
171367002
327357246
889062662
942351256
106428596
889221934
815725879
631941839
655781004
767537744
734645209
419117567
994942413
45264586
765544328
892052886
12720666
751089350
205283623
588051550
722409951
217166163
627133659
587795230
97657922
167443198
324738063
105473390
240688744
199198606
965127635
939349120
227451455
862372211
526891287
414336036
158998784
811923058
565223488
577758654
768456933
637770284
182377300
854694063
9356984
264708066
628499197
154148153
947496302
419178151
361606766
451619377
908801382
330599511
438469161
998079893
468242665
691923758
968721681
619702674
817672401
21269972
822204463
875759158
613160527
366311538
602181442
611025463
530760046
536531002
454039700
997041997
238775954
508248569
623738197
812805251
349854510
251881821
194111615
96271114
589402766
534428091
455485303
449828541
340919179
213747958
904431064
97628250
854596468
262782095
699564542
355139023
418597993
12195109
515337664
995922350
193517983
920982239
368508114
560140748
403148000
806890061
262159449
911217591
873714766
852043425
579789853
613309811
915169309
377457996
369740368
241741663
452166680
411398608
924909556
83324636
751918309
822800461
480566937
120430644
39288643
535471315
743604762
538524424
742319873
389494659
825440673
719793617
96673363
783040239
655011925
189819684
508689833
498110890
905331997
971871229
921386924
846880719
719129306
718427809
810469928
607201846
988070093
611648574
81950150
262249808
92107731
848683849
868652453
700884023
564098719
718590580
998340514
992846440
712525825
144746853
507653663
28381036
891259469
767161743
739657399
17202884
44899374
34917812
539565005
531162576
585960954
543637697
334279931
613916793
499941069
155287139
542116087
674606593
226222603
50063951
266762025
557574791
235044633
658846718
41869565
405718646
90664604
883251631
27676696
571131850
243851299
673776278
718711596
184435308
495107696
176068380
192333746
867311851
39111438
740240579
466711995
126094754
447711672
614298668
995712890
106133491
526037006
88026815
923570250
15382415
955887917
715760810
588922694
78790743
676568526
335061032
383352324
152341122
31185881
551878671
954277048
952277182
333200192
418811707
141251509
200134880
841370247
783939632
737824150
331709910
86755640
201252383
337499569
500071683
997090779
133065692
365728605
499070248
749109360
529460043
192887115
106664476
860267306
214348371
28214020
319594787
786854690
860446067
442012249
252562369
539829013
183480190
824174525
156155432
31273013
955624273
395057924
723580346
317886382
726810512
632940981
413662919
181092017
877991382
419577891
12196099
926098113
603371987
92117762
906533094
123364033
496882380
831675437
777760609
862213791
507893836
854443088
80087776
245013246
51999562
651682842
512349375
96071694
507943836
264802615
265339364
730256105
138154378
548486117
412635930
665939566
100556019
95337924
366965535
516061034
716472143
948361778
905276151
864454845
43204408
504467042
753749132
224181402
63718147
97538525
28055967
575267128
21365195
368212400
869266864
613245552
685701727
228836097
699162486
714405257
452178522
351551115
969541407
538644712
32651123
436350658
300090364
591621220
549749317
2750633
667216048
28009106
654356948
153199086
197597450
438600003
420143665
773081504
265112317
325726055
183690556
895746193
186271578
344804367
524995764
713246322
23230804
748005218
973757730
543681961
766756547
771948051
531312626
446939996
243045533
809952944
973795457
242715993
38702295
179073863
369314705
438853982
919546653
164158905
287651278
203309161
256806142
988150643
310804411
470082302
288787471
929256227
174590200
442352634
73145614
917540977
98945422
233847194
276782395
665139514
769207226
99499447
843250274
809417471
569214148
404217207
715309579
184948316
827904168
845901030
43513787
209742988
51117874
995108095
958422589
622405615
993665392
201891426
800174908
922212827
341889663
686447070
909745291
887511153
238767071
609887652
822723266
30652526
963670318
963536844
923269773
88414167
416185552
533537521
289216422
141109006
270676629
310759781
509869993
951995231
674930330
192094329
274761885
947571534
206192337
165347327
236899008
907581047
424970755
118644991
479084532
595053116
23469907
31919466
756049086
44742787
703926543
586280184
722715526
148529480
477640997
137829402
463319022
267813588
929727736
410101498
906119668
683708888
707440308
915672643
48656648
470430095
809916909
563361953
712366321
922373708
283164248
333836586
699289374
703059932
658942740
517476621
346063379
162607050
657497911
532262694
860695913
55250596
938589586
261468571
94341056
709524189
266679323
371549801
371902629
697654286
653754578
665746807
54548859
254542097
935303356
707053450
192935616
507270856
956516606
944184632
10844510
720344528
236656944
829291999
39952142
470940608
912602588
418151235
999584814
657410327
365263012
323347871
281006347
888243913
560293186
890504628
407672548
358885728
158975952
369599751
144796903
526377849
317575039
500171263
739602243
195285414
554203392
385378821
352244428
597877659
64161466
38953539
925820283
519319928
726141832
436332728
297093909
547392569
528449990
283461513
894457775
941699526
739224717
56773869
504168999
731082250
769763535
792619095
211475376
893751324
729499922
762844971
981930661
886570405
61296687
437793006
575313063
881866450
57694072
761413306
92628500
509685569
413847649
396856671
570207827
844503505
809718952
569728977
819294184
37787320
237659130
792399694
676335877
748109081
524675820
288640496
235040452
118881561
529618007
583621199
853760783
69586986
726031862
645040253
171091567
310007550
776033432
733908868
176404388
820884918
636887556
492886921
429371721
189541817
457578205
379562480
488343221
695681897
400791458
345381614
677478332
227490619
611999257
596597493
703512810
450027250
218219062
923138251
515684680
541511353
188175974
5805814
244330377
793729621
302447951
50609939
789133790
914731065
917185471
725518084
943139758
43726978
329633332
8356326
828133265
783631919
62263107
189985252
641047562
251718784
404150892
470764915
948009797
128725346
967497239
431838237
491048262
530131518
297542184
886226546
948184439
835231329
278401516
448987586
411347204
754206395
470890431
999440494
378288878
599295570
371381249
947425417
81916597
675084938
54032337
142519282
16407320
919201714
180480372
508228512
727610483
654392564
275359669
688400807
604537114
851412421
139126637
965229492
560680056
47290440
886644054
756529615
703631345
459217200
698427384
709067860
256742725
708586717
353044439
276723757
332814155
26680507
218056338
968926728
886070726
963883016
645453286
741120987
875091272
475988764
504812499
190231238
581359704
916568198
302177778
482083435
627563961
927692639
949333002
299713515
715441343
531019256
48730582
96773489
90051112
916687941
52714362
206018265
806984048
739839309
170916119
635659923
142495351
11709602
297767120
247951970
618414123
839998045
804247901
811262224
973250959
651678411
620424379
914936549
580430475
407449793
486985805
987494149
668124676
124050113
862869052
866466155
197005741
973843139
698539568
28545754
118126439
668236944
107781076
799616869
795623290
207992131
165669273
747563436
862818009
469009761
570457126
980194177
527273321
522176722
225168162
91567886
160492939
843866009
603634999
319296694
161744499
724525967
394963592
783310259
756623960
547119043
905448672
623127084
447880612
75347255
700121735
773345336
861708947
657957640
504520611
844532304
752613130
126595755
204502818
666056718
975911573
903676192
902277759
978258219
674988484
508825472
257419564
298215008
655449147
470746440
564707746
619103959
723748729
939663937
522654751
565912330
735514012
204913103
196283635
639174429
287133294
369076806
652678340
894694006
747012199
767063616
488402250
448920663
491214824
762955255
93197540
933122327
995636812
976135313
680434355
112540254
88560814
112889348
770944745
856742538
999458207
423735116
894768220
553060901
174380887
580595439
309844501
93820521
559982606
853805837
360258005
771869408
294599193
24530532
382674268
759824411
311515070
696827362
18928291
116059205
45166952
122375522
717609032
253403897
910490616
720520926
88974301
349411384
641671085
973557752
254072724
510098253
106150297
204571561
980924107
444051918
962894031
61843435
790548777
897116365
343189993
10792221
642609595
84708058
885332945
573367422
164570336
715149830
567878313
845249646
258549807
851543109
686538095
744153359
955400633
491720056
298548438
938867396
349458656
570770099
990976576
214200651
924717907
692722924
276332384
683305949
371180804
358979818
337197995
138984161
605761073
919393630
356676583
388915564
27670176
852722751
832393501
844625327
723476401
648431819
721755877
643727577
924856995
298145490
335431910
891703771
860979909
870772241
634876661
747224430
890264173
256408481
512295501
500252320
50875198
546407631
642907998
620004156
729163140
598141263
985612998
531024349
952710324
370084227
522384501
242741228
866418172
311299447
10920167
221858987
256717190
37716736
492402121
191376166
90985413
989964567
896525584
231016224
728997978
225436544
386753091
371062722
417249058
524509973
812732138
585287883
39195059
114061863
202146578
650196158
844652222
979461077
235330767
832543516
880098163
523091499
40392241
930593501
869605983
55080282
537418520
367112014
759680893
334778012
912391558
426442803
760266617
165335620
346307404
999782684
90133948
126385298
12372910
337765922
174743032
584868852
944842328
339554552
751620777
93124900
543900904
449764925
503167486
117578327
841894613
49902056
328971021
868885913
479916958
733625014
217910510
467816031
491410301
976419669
432243425
127576608
674671071
816465392
804929221
856772747
182932996
887282948
304571151
733029370
507284966
625511822
277782254
237512243
546733138
378977263
750194400
768499426
199419908
156351642
621120216
39124308
698418330
409412577
667167071
759727228
948417882
400858843
98422689
159655921
73681286
787201643
484653393
794053546
513000669
914823557
177442362
30941951
326709533
143726745
787519452
867332258
584739402
164082051
610296347
776126758
519785212
763343830
268397755
139278847
651490096
542491881
121099793
790781686
154359695
723866393
469286867
709290761
559978463
488114171
685634810
21234607
32946782
421411748
415809761
410327084
464186202
995550769
21833113
999070792
919148033
5075614
734063991
89013830
642072926
819157249
99963828
114213297
407545699
160613975
785748952
128451637
831383323
940034309
524829781
942598108
275973240
6984352
899501067
331952351
498882606
174752993
886887769
843664418
79399757
903898200
265550275
32565001
371514754
420928013
113972660
136005085
320519437
437677693
598726211
62553117
877159143
753559634
78328588
208567071
267002545
461589554
825969163
224523423
160392200
637882542
201902348
697674441
551755595
697985300
98037787
130063931
614038996
155571028
465993276
142902229
904742213
974982940
645095295
826992400
134961391
633266720
149073917
878789477
665706086
244964800
773595192
251373283
54596646
549244401
933057255
36757354
875557613
903383364
916968053
896404193
665326455
273356468
806238451
975537535
836292314
941923777
420742201
173900173
740594547
227743269
261170742
422854922
285427580
785840028
286036579
651268601
392220
774635290
581906249
615573942
745989574
516829549
804099791
883754963
991598552
715351733
473332877
514753456
367893985
486526787
547506304
648090295
189700694
658275099
494682457
605734779
604150690
149105320
498420495
32444294
528348431
819640513
631517523
551261101
691938119
566449599
950530468
80818371
932732543
427962556
985897057
597504729
317686200
237040554
638681650
841611746
687375651
601246778
369329616
903029902
92246542
930856119
140683704
628180134
252824956
713577826
309030812
310936330
701755309
908346878
885486399
583223416
798835402
990783380
976138712
123752570
636781106
680036829
340658654
767393313
355559854
191189634
778267083
69034062
93539396
109493567
67951152
952822864
758847011
948991677
621062681
86070153
722935558
230473406
302458584
968414229
732545629
380902710
9195583
253329775
361193352
446140856
726809131
1293530
411299963
719580276
711694565
532556156
354066409
72155739
276116782
613638336
347921114
15153920
206042444
142256184
394540983
258480545
167586930
194155572
785179246
229899145
835813239
636378843
801376277
139154817
570482224
23577751
642775219
713305630
894834109
623402059
613941512
457926147
282106884
611570833
384775950
180256783
946536450
355239906
19483001
520837754
238866123
30365611
111057570
104308873
143495967
426096110
502596042
298597393
812642184
469531126
871725655
35269874
337792470
857463080
352363883
145381155
385298338
198847552
508710449
319658509
196821283
940488961
907301297
412171823
211331947
872675388
982829221
370934342
498847589
946313144
931864135
644636524
945302452
911553711
200019436
418937405
876029848
30355199
736397004
376946355
840499876
932828772
689103361
773910634
321813951
299259133
589474357
20568720
65076535
90953603
926545805
607226001
377976148
952161501
200881878
80642403
189110527
830996255
125368025
186736257
376213548
108237765
748827368
242048444
295601079
612571455
314841034
291329521
605782855
773218061
413172340
903751279
564807181
526224610
142188065
360133779
317655419
244963640
55384523
83646865
568999499
792693797
657350733
79400206
209982028
684937773
202044769
931721407
934064651
955688856
378963281
695371835
371364471
192430158
723673807
378419023
602523494
761425489
594550718
1463717
10858321
922503551
706849650
216005404
506617530
878403816
537519809
406854976
694270926
461317090
649610156
383851561
525302432
716812400
168866402
973539163
74333797
681026491
240023071
463509207
707097983
536373848
744364282
771824504
399869147
770933199
463943583
884842532
104729778
359901003
312656636
413417575
182751213
958708460
428236974
99067701
695982745
427393805
786055879
50493025
536588314
173259590
353215198
727061963
180904403
629792102
844930105
513803327
630903006
122713683
324045678
938969076
711532204
732817425
265331494
849342796
822498743
13820503
943599226
528581385
265303020
869720831
350647981
777797728
379307974
199926119
469252436
799274662
761799206
151509448
715793950
22606256
107208354
968516295
620015651
311370602
513574424
938244241
880588433
311982102
737054979
461448711
219242318
944007113
210749272
942092067
319527107
983662499
428943998
392205791
578680827
296251806
484131822
77416821
643568040
730780853
386091194
139517692
528925050
839101168
801814312
708166209
492721871
995332463
932820259
967159045
722989850
533499529
103827853
349021490
611722000
979431540
325698934
598258069
682616169
699841434
661257008
83179195
663237587
299098970
221434469
126099746
787647342
380384921
700430956
47409483
691757881
92717730
571422763
900699560
83412984
923176802
159272485
508117520
393658582
32230504
35501431
540704297
150557276
818542592
499932767
945420302
83346366
149626986
37324321
84565664
928932963
650853241
755795575
205176048
924252690
340942827
310526088
834974781
285927589
153585569
491966072
343449824
131944529
646240878
605566928
717777356
91839788
121553976
394980359
704700060
380422599
868413469
868068190
360601051
765387842
865239180
396466082
696406570
992674482
812511013
792055353
883992734
953695020
196994845
409092828
606397725
160799389
419329996
38550150
911455393
837660774
840478234
593763740
967739179
993204549
946681309
178998498
748742688
608079585
39196012
460546575
380465067
843238362
800824235
562577079
79780048
255645859
564520011
881563152
329211031
317775611
309972369
153237246
77049734
533974608
860558579
115978681
287137424
588391053
303029292
142454554
282986301
501203138
181418340
675409601
456147282
950302735
579887634
318477250
874542565
36124164
670228820
41549065
435909542
671085452
677068866
799878847
112903757
81985751
926615076
445937262
825203160
493178760
72029189
917649414
336874179
170050388
933856187
947174868
963162046
665172175
351281050
732799037
665065654
388194194
311191919
877425481
532591340
38096782
298512073
77001366
305186075
304709408
637085360
424082582
23406271
267899572
978641813
60883377
472892187
669754481
975421233
259233179
971917019
310165192
998102708
698301587
788140861
3031643
951249348
542311407
323440458
340547906
609877556
248715887
945576135
592274496
808409399
915836366
77019511
826067247
99160723
553608402
12600949
816999476
584768272
57957563
882568911
961516579
298223671
674617193
701249767
974029872
410337784
384511895
719043503
975410627
793504769
460817629
138758504
609289955
593701752
127091276
970778674
233386733
809811306
831839362
808356042
710139612
659978684
95540579
514905207
343467365
382538885
360724931
578078800
609254541
490007338
432399271
481447223
24298973
856943363
942465600
213911074
529473925
632123965
253924945
186255868
323047051
438953588
519355398
267900606
860364040
686450766
747638933
192412320
944092441
946215459
807495831
266253823
995342395
52603893
857100135
50758235
124975951
514200201
605307980
828471504
792200555
950893929
201319002
2952851
605832939
658709053
892019790
586029680
465799908
718463577
302839830
234074435
947961410
758158009
627151006
675956079
550565409
8851231
81374205
226274533
790462864
836784507
722007653
392961305
96857602
604275979
985647287
752162356
281607589
3626935
162185524
610354975
298913104
815324268
15692026
361207475
198578709
362271701
31386671
709333145
383093692
478546754
643656956
886911760
826015167
918015100
724009336
551191107
684611059
664401993
98922268
596257929
212764942
580992628
276787181
41065919
697126899
833175670
234230404
25392062
52290747
311175593
465452884
953139461
780563310
820350222
660383017
34329307
901528558
497197620
532142193
568035868
17476082
64602238
661071744
858547408
565072491
429907910
377596341
963170002
914520350
647731957
753466635
587391350
284447241
531711822
446240956
763412732
691846247
500661405
599761200
141651186
365155991
203599194
95242146
150461558
514904821
380255801
376254408
483676476
398596024
338309145
574669905
598544157
989148598
190934645
11480239
491300538
864634056
182378953
878310859
482071149
87263094
276744
696066371
841896222
473434581
296679759
484508063
234930698
222945524
549975047
47178741
298574603
714044395
488570933
165964236
841583148
310950137
410989217
207627859
408065518
581520123
480202310
88694204
243369780
61132698
242581569
989666669
393029806
381951632
106816684
217564151
556090768
222049903
789555344
337815753
114115168
386994847
704203602
143630788
274349587
903867081
302210275
432913843
884395263
278008197
354881883
790733830
247337399
314169693
779353845
834233180
807481244
879871087
881761478
723902647
155364116
732849824
582024880
199343616
620989956
216247617
800767962
355767312
298248103
167145498
853254843
359507634
893225142
824122335
610557328
922334759
51460626
293390595
526317077
620590312
226274209
317461705
714471598
673004821
428899977
678141670
617848960
735934146
60334018
138151838
898965702
537055193
656153016
563502181
65549659
410760798
692025487
335300859
366560922
857037715
792091589
337190053
485301719
950049133
600802017
466181388
645453614
556872464
223795779
691065456
550112120
651119933
585224252
549182395
285596157
367830589
177717298
582986831
954442732
13713075
895918409
577201653
762528248
407388617
362468989
813955607
209494682
169287297
957695120
308023848
366159603
825409722
12805566
429262285
614407869
428829678
851243001
850693701
414070026
761642923
439361412
83306292
864348648
258331709
687361050
76507566
38095933
493456024
461485789
142000929
699059709
286834898
966085277
658963786
976631806
991153029
984277767
681633485
890486750
422897409
532699158
699460022
114115843
176166050
603768900
500527830
997114923
168491106
468718667
630862193
489734449
192261249
784317491
569608132
834997420
617505172
449484601
178597140
350459936
271720676
981076578
610177196
136242875
713319232
520533169
103076389
982640025
14693450
864152828
578975729
896963228
838655879
284900506
378109063
583202404
940584776
645807019
862982863
363215012
388195749
6147918
938464813
679630674
139626431
441572642
140973006
352407407
327895594
823322661
834364146
103546882
689341900
734771974
987671922
413304627
593938638
239079958
340684534
969869203
104398716
479867392
15568110
350509848
310330739
217872181
459996334
552145457
447546738
537731944
459455798
354668204
127649293
815639548
290306980
529719862
938189907
748269869
186660798
498652014
983649127
348119603
417434765
116606946
653406253
333088728
189178594
636685346
27153326
647869785
14252809
581721448
155765540
64926412
226807250
7367773
969447486
844196626
535567125
76346364
336970132
13587715
810378181
53856896
741005040
290270829
917955611
855597685
525136280
531497432
539824170
839410748
787600553
43089206
675328544
100902538
349206861
480322091
518366307
380186670
595454607
617197334
891439565
886722545
795482208
175951912
163200726
92047618
748714858
850368985
85327279
605040812
125550975
919370634
470640656
595947892
616312811
684879223
967504346
914744285
912507383
601774933
865705047
809590326
24073992
199386301
666514101
296654503
452557546
678072127
981055057
992917365
8558534
853938012
122456456
266161933
484868661
960797009
69478533
977290390
334808030
412558048
396631871
888834080
427517002
504023241
616256116
813622282
754680347
794174597
790369978
937642913
722024557
552822205
965528390
110114465
966467965
783657201
120151874
473616867
102746919
694099519
63586386
232189783
684293656
692468137
742352611
249391489
122135158
270877196
314964537
362531903
559160560
640288758
801735282
895445556
621880179
791184238
42032127
958698652
163192478
570238119
902067233
109221592
28670202
733289772
308104250
932667419
922737641
841594959
66572315
139555726
89078265
762705055
859021956
168720028
772327204
621321674
970344207
69894308
448916631
257830314
872281105
260218607
44292381
369229655
640805757
669952487
969040344
937537588
825483554
350936741
14756932
966009128
322192910
96892484
723278092
889627351
452511085
905488208
419869667
846526877
585494218
448583136
626002446
876130806
163568516
263979578
794538047
756641344
753741290
153747694
199328275
436483040
660249005
937144680
452812684
443098353
261177902
336621189
738068342
394200333
493417435
281400995
224618627
305345374
986292956
34731391
500828685
464386325
68341215
398468791
571891246
858153551
696935385
917591154
744850456
189607794
479067239
358932247
174723705
613864790
79313636
947167779
9222628
104703333
422964822
209738551
235120813
141161768
927394104
992873050
172758536
90306632
481491121
264708068
998181439
986880532
125098080
523979346
570454800
753460658
863157147
401120825
863342192
229272266
921316101
278287494
39245019
343269131
485059748
563152280
767586392
693414720
308610337
872422022
108319546
62971216
353835805
912937082
495988037
992139032
791211229
894036690
73562397
212859321
517342364
554289409
518310284
568964444
86096529
954890019
557068861
458515226
492190593
508619911
940985521
659124447
293718736
359368784
174750954
246499511
347901762
737680374
595016168
829703083
2133146
291079374
225113960
772980885
961832314
678012720
666848987
512910566
887703149
893959537
863937311
989754230
649265778
601220848
603077444
603510299
940111335
397781358
235455579
82539701
835753402
41486399
265566736
130449326
835431752
798976988
272317570
496474291
643490602
465411532
550997465
531341891
791836703
779028938
107956667
657418969
302400658
132897651
409599162
976813011
44148230
461959408
122656807
814346682
883011377
151868757
979548425
697853157
512398598
685457775
461473421
77344011
262895638
210649861
601294997
64783261
234896801
265075232
874780034
643202923
188237084
771717144
781923779
622460687
987123544
993294954
944973058
925279888
155499814
386853687
905075788
897330430
978650816
46263714
892638381
442950076
742558844
511892914
534467885
297245030
70489486
648946108
201020248
553863697
2405964
545947682
268637040
363334417
482974593
445782795
872546031
804279397
309977103
444014718
669846659
813658587
670792368
103027931
910729965
839018182
502022445
931589204
666744206
303584008
591145496
408949733
471971142
548345495
170186230
576304199
240597840
400321142
383058032
658098769
709036017
283264757
80409829
755927531
352289924
9640811
250481826
789150904
343390171
970361148
495474526
648681544
949604372
221108833
718646112
201830827
365621023
435720818
696017825
944097912
424995318
467520237
380519256
961406800
260849213
724303621
704432497
833558160
739881580
570572287
65630182
847109890
169658120
243328751
417543130
751431162
825434811
767798803
239792416
197781672
486866758
216500461
986288815
208724399
730019878
146207173
380231187
123136497
642230515
955396312
681807819
262010204
33575995
38281493
897838794
422916228
862883660
28231439
933576399
518696731
264991815
175516404
612653990
839100999
554995661
217080237
570057156
561206555
532104952
341858420
245933250
452892166
689942350
75622335
623669807
237356802
347777518
824347768
41895526
28243701
205623051
457874965
557455378
829735590
397825543
870589977
357966470
718451880
222960156
942192432
222603178
67853336
783610196
221601183
181435950
44782444
332723772
58223903
745581700
225791379
786496403
256085923
947930835
763465934
104367225
490344544
127895516
188368545
321423889
465647828
355952798
694225617
814517113
463767685
482781919
622537957
961484213
918730507
142227480
427402735
463996497
605129767
314650252
404809314
396282314
172412921
48279336
147329668
461876798
334441540
281863369
853371369
363154912
378938265
312436383
909132185
321869503
795498971
291862862
176473732
239650294
539906388
860801885
962706711
368601148
198021968
188369716
868817126
259536715
529828990
618931304
772735118
406459909
173488703
410028193
559980765
79715142
292771673
255234002
471430093
793209999
825668261
974795190
871882839
21946376
84673663
666956815
694960597
710889841
167958526
860679381
426459483
485001036
834363944
34946162
259192002
883599194
197809725
410777985
634826620
306149533
681025123
576390911
937946097
774272551
927331570
958356186
24482305
438753095
693126780
150698418
153111523
241912340
237220079
524863813
303995235
265629085
125481317
676464921
807169250
335942239
232865370
133710092
608402789
645652321
961314215
128106335
541448614
358533806
128983291
376046074
247483377
397246422
585781587
191406024
831628995
122541118
430812072
781824056
694757993
580696168
825978637
803794970
528532790
676566762
23778843
854052884
503510118
591560407
875217331
162922262
26633889
582168369
22101001
72414127
815636002
53002480
791188465
973210354
588669522
19355235
152126978
880869479
26208484
332900386
974131847
990152889
151241758
212549075
694022882
754897951
597496881
781136566
250455954
876272475
160567877
986393285
520063620
125362679
38126818
569062175
72885753
862054268
394586161
668916783
356194679
681207313
78323559
907363493
672878768
189676257
172754601
633735326
90539999
809734321
433202133
641364439
213218158
81384100
725573350
708307100
895048834
825417579
530666353
859633870
947157413
25060176
576684006
180345267
867618271
21821700
894389642
64960372
939425126
566231213
329711681
78824215
674192341
924028952
434759640
10970902
213324956
908645906
179431046
838927626
843269832
666948733
917856369
791649203
142192810
538529106
489839800
74641139
481602097
882293701
201387188
459485769
564934603
30337508
425805134
901481397
587722636
880009913
132029902
780778588
91884067
333976824
378052032
285670600
920956342
343761801
748389675
773979234
283296391
931465531
990691827
126973633
245054949
257170777
547099257
784369314
236944565
266955934
880413546
586749144
880451511
900371916
209973660
360405105
584457997
924769044
250025352
323848048
398713599
256978199
180940209
262984469
57164734
526454772
722762856
771325790
298049627
138507075
52596885
498815157
116379765
96182581
514058742
489287940
666730007
787237442
354445665
593608726
460274612
208719054
947672963
643949779
955598634
964116185
891186920
534515539
470124159
23359126
634375142
379072688
328904076
775991195
892412226
627888503
564587028
81394274
904669195
370426678
933791490
391923129
273761490
816970663
485321255
842281700
547034670
990743101
11523744
97109235
84412806
348314194
727529258
291025950
428143894
451618951
567728963
985986925
819393659
558533629
834179986
880752634
651280178
521197381
991373939
239100991
397311279
125604058
135204909
964407638
424861330
589676027
917487847
640135016
551661542
800196264
6785493
637329358
14525362
384147002
630685119
284764013
626855059
796947313
974063136
813904310
781802731
938046411
649211153
891306472
672495215
138660367
204639716
275700146
978986627
405520613
993045732
999735492
882313309
462298879
374728435
176236602
81517761
105329250
183810061
459081524
218851516
479234606
501367405
494257425
202085615
563805274
824668684
273677936
268503055
